-45 ,
34 ,
-1 ,
32 ,
85 ,
-77 ,
-31 ,
44 ,
-9 ,
19 ,
-36 ,
82 ,
-95 ,
16 ,
99 ,
-97 ,
7 ,
28 ,
94 ,
-80 ,
-62 ,
2 ,
-37 ,
-53 ,
27 ,
-39 ,
40 ,
-85 ,
-79 ,
-48 ,
1 ,
-24 ,
36 ,
50 ,
-92 ,
-30 ,
24 ,
-73 ,
65 ,
65 ,
46 ,
-72 ,
-4 ,
52 ,
-6 ,
-6 ,
55 ,
-99 ,
-79 ,
-1 ,
-79 ,
-90 ,
-100 ,
-65 ,
-43 ,
-23 ,
-54 ,
97 ,
-57 ,
-33 ,
100 ,
44 ,
43 ,
-15 ,
-57 ,
1 ,
6 ,
17 ,
29 ,
-30 ,
-68 ,
-76 ,
-52 ,
28 ,
76 ,
42 ,
-78 ,
-19 ,
43 ,
94 ,
80 ,
15 ,
54 ,
30 ,
50 ,
-90 ,
57 ,
96 ,
58 ,
100 ,
-88 ,
7 ,
-7 ,
55 ,
42 ,
-13 ,
-94 ,
98 ,
-97 ,
-15 ,
